6 2 1

3 8 0

5 4 7

******
6 2 1

3 0 8

5 4 7

******
6 0 1

3 2 8

5 4 7

******
0 6 1

3 2 8

5 4 7

******
3 6 1

0 2 8

5 4 7

******
3 6 1

5 2 8

0 4 7

******
3 6 1

5 2 8

4 0 7

******
3 6 1

5 2 8

4 7 0

******
3 6 1

5 2 0

4 7 8

******
3 6 1

5 0 2

4 7 8

******
3 0 1

5 6 2

4 7 8

******
3 1 0

5 6 2

4 7 8

******
3 1 2

5 6 0

4 7 8

******
3 1 2

5 6 8

4 7 0

******
3 1 2

5 6 8

4 0 7

******
3 1 2

5 0 8

4 6 7

******
3 1 2

0 5 8

4 6 7

******
3 1 2

4 5 8

0 6 7

******
3 1 2

4 5 8

6 0 7

******
3 1 2

4 5 8

6 7 0

******
3 1 2

4 5 0

6 7 8

******
3 1 2

4 0 5

6 7 8

******
3 1 2

0 4 5

6 7 8

******
0 1 2

3 4 5

6 7 8

******
